FP(0.00, 11.960345, 339., 1451., 2580.)
FP(0.07, 33.588219, 360., 1580., 2476.)
FP(0.09, 35.574329, 373., 809., 2480.)
FP(0.14, 52.997948, 682., 782., 2803.)
FP(0.15, 53.202850, 710., 1162., 2859.)
FP(0.19, 55.126045, 853., 1188., 2711.)
FP(0.20, 56.182846, 1046., 1581., 2642.)
FP(0.39, 47.372459, 324., 1809., 2794.)
FP(0.40, 43.509701, 456., 1778., 2703.)
FP(0.41, 48.269833, 308., 1854., 2617.)
FP(0.42, 49.498066, 435., 1844., 2502.)
FP(0.45, 47.528179, 294., 2194., 2872.)
FP(0.46, 48.536930, 373., 2208., 2815.)
FP(0.56, 44.722553, 298., 2461., 2791.)
FP(0.57, 48.823902, 769., 2493., 2839.)
FP(0.58, 51.869530, 549., 2338., 2853.)
FP(0.59, 53.631805, 715., 2459., 2718.)
FP(0.60, 55.778725, 249., 2746., 3515.)
FP(0.61, 52.881638, 1224., 2496., 3570.)
FP(0.63, 55.909538, 383., 2593., 3658.)
FP(0.64, 56.078053, 225., 2481., 3858.)
FP(0.65, 55.106972, 838., 2430., 3696.)
FP(0.66, 45.761959, 276., 2407., 3592.)
FP(0.67, 42.534142, 375., 1454., 2461.)
FP(0.73, 51.181122, 730., 1482., 2516.)
FP(0.85, 43.499882, 384., 1315., 2030.)
FP(0.87, 44.760906, 364., 941., 2071.)
FP(0.89, 42.016399, 392., 1413., 2442.)
FP(0.91, 39.527626, 393., 617., 1505.)
FP(0.93, 35.991810, 376., 637., 1426.)
FP(0.95, 39.602150, 400., 642., 1438.)
FP(0.97, 44.267895, 401., 831., 3366.)
FP(0.99, 49.104622, 505., 998., 3342.)
FP(1.01, 47.686707, 950., 1444., 3175.)
FP(1.07, 49.218422, 1076., 1588., 2865.)
FP(1.08, 54.371433, 1494., 1548., 3031.)
FP(1.13, 60.067780, 954., 2052., 2788.)
FP(1.14, 55.819267, 953., 1491., 3120.)
FP(1.21, 52.613274, 636., 1574., 3677.)
FP(1.23, 42.596073, 450., 1595., 2814.)
FP(1.27, 38.613190, 437., 1280., 2778.)
FP(1.28, 44.056404, 413., 2088., 2712.)
FP(1.32, 40.711460, 422., 2145., 2668.)
FP(1.38, 30.633636, 330., 1686., 3376.)
FP(1.45, 40.331207, 379., 1543., 3291.)
FP(1.48, 44.142433, 596., 1577., 2540.)
FP(1.59, 43.472496, 462., 1532., 2404.)
FP(1.66, 28.684952, 681., 1494., 2821.)
FP(1.69, 30.164959, 586., 1560., 2133.)
FP(1.70, 38.153812, 327., 1313., 2017.)
FP(1.72, 40.560726, 248., 1069., 1944.)
FP(1.73, 39.031818, 338., 1385., 2062.)
FP(1.77, 53.030621, 307., 2058., 2556.)
FP(1.83, 54.892521, 263., 2198., 2269.)
FP(1.87, 57.574375, 274., 2070., 2726.)
FP(1.88, 62.673317, 243., 2057., 3952.)
FP(1.89, 62.263699, 257., 2140., 2621.)
FP(1.92, 63.101181, 282., 2017., 2680.)
FP(1.94, 59.278839, 168., 2134., 2678.)
FP(1.95, 63.506615, 183., 1810., 2446.)
FP(1.96, 51.804981, 203., 2889., 3888.)
FP(1.98, 32.565548, 244., 2058., 2722.)
FP(1.99, 33.381596, 234., 2314., 3875.)
FP(2.00, 30.467009, 291., 1772., 2519.)
FP(2.02, 30.626314, 248., 3063., 3792.)
FP(2.03, 28.689245, 1001., 1782., 3151.)
FP(2.04, 29.410093, 882., 1449., 3065.)
FP(2.05, 58.862766, 402., 1873., 2982.)
FP(2.06, 61.917419, 478., 1525., 3199.)
FP(2.07, 52.519081, 344., 1834., 2761.)
FP(2.10, 54.880718, 465., 1582., 3137.)
FP(2.11, 55.471355, 991., 1946., 2851.)
FP(2.13, 61.321728, 1021., 1848., 2712.)
FP(2.15, 61.075794, 807., 1093., 2718.)
FP(2.24, 61.376198, 883., 1095., 2797.)
FP(2.27, 61.359779, 921., 1497., 2557.)
FP(2.30, 58.474213, 594., 1500., 2448.)
FP(2.32, 45.819511, 886., 1472., 2190.)
FP(2.33, 40.913422, 373., 1313., 3307.)
FP(2.34, 45.459564, 584., 2084., 3371.)
FP(2.35, 40.257740, 547., 1776., 2773.)
FP(2.36, 38.523960, 890., 1453., 2509.)
FP(2.38, 30.871820, 911., 1345., 2412.)
FP(2.39, 32.822598, 622., 1271., 1562.)
FP(2.40, 31.551283, 592., 1569., 3012.)
FP(2.42, 27.845119, 1067., 1597., 3454.)
FP(2.43, 26.268316, 654., 2105., 3702.)
FP(2.44, 46.858143, 1057., 2584., 3711.)
FP(2.45, 54.100929, 367., 1501., 3922.)
FP(2.46, 49.155216, 350., 1907., 2571.)
FP(2.48, 50.649529, 289., 1826., 2504.)
FP(2.53, 48.420853, 529., 1426., 2375.)
FP(2.56, 49.778870, 410., 1282., 2488.)
FP(2.59, 45.296024, 564., 1293., 2438.)
FP(2.62, 31.067812, 251., 1284., 2409.)
FP(2.63, 35.780315, 249., 1290., 2422.)
FP(2.64, 37.257690, 246., 2429., 3330.)
FP(2.78, 50.889988, 432., 2124., 2568.)
FP(2.79, 48.184933, 409., 2289., 3377.)
FP(2.82, 28.035921, 230., 2143., 2970.)
FP(2.84, 21.412588, 372., 1203., 2089.)
FP(2.85, 23.687763, 218., 1316., 2115.)
FP(2.86, 16.462072, 187., 1378., 2396.)
FP(2.87, 17.668604, 939., 1687., 2577.)
FP(2.89, 23.477510, 1213., 2510., 3189.)
FP(2.90, 43.656948, 334., 1418., 2285.)
FP(2.91, 44.190929, 199., 1413., 3114.)
FP(2.93, 42.936146, 245., 1405., 2253.)
FP(2.95, 37.637196, 253., 1120., 3263.)
FP(2.97, 45.996834, 416., 1201., 2425.)
FP(3.01, 53.759502, 309., 1339., 2506.)
FP(3.05, 62.198112, 511., 2152., 2729.)
FP(3.11, 66.064049, 388., 2281., 2943.)
FP(3.24, 66.478737, 593., 2130., 2827.)
FP(3.57, 30.469194, 311., 1659., 2201.)
FP(3.58, 40.243008, 277., 2270., 2591.)
FP(3.59, 41.796345, 248., 1512., 2304.)
FP(3.60, 43.009384, 273., 1506., 3861.)
FP(3.61, 43.364326, 985., 2462., 3558.)
FP(3.62, 41.730186, 395., 1712., 2316.)
FP(3.63, 42.747547, 1473., 2368., 4194.)
FP(3.64, 42.524292, 209., 1602., 2394.)
FP(3.65, 44.021465, 1178., 1561., 4042.)
FP(3.66, 42.656094, 1178., 2388., 3944.)
FP(3.68, 42.356899, 152., 1201., 2362.)
FP(3.69, 41.588356, 1123., 1548., 2608.)
FP(3.70, 39.331356, 232., 1621., 3414.)
FP(3.71, 38.628227, 166., 2547., 3602.)
FP(3.72, 37.754906, 133., 1228., 2418.)
FP(3.73, 32.576508, 121., 1301., 4156.)
FP(3.74, 22.747656, 126., 1847., 3904.)
FP(3.75, 17.311604, 100., 1442., 2328.)
FP(3.76, 14.374989, 179., 2776., 3724.)
FP(3.77, 14.291840, 1216., 2676., 3769.)
FP(3.78, 14.022048, 500., 1500., 2500.)
FP(4.42, 12.904690, 500., 1500., 2500.)
FP(4.43, 12.998950, 253., 2037., 2809.)
FP(4.44, 11.511290, 1293., 2086., 2707.)
FP(4.45, 12.960770, 1446., 1849., 2855.)
FP(4.46, 14.680364, 241., 2039., 2648.)
FP(4.47, 15.244958, 215., 1402., 2210.)
FP(4.48, 18.756538, 657., 1608., 2638.)
FP(4.49, 20.717125, 218., 2180., 2680.)
FP(4.61, 56.275471, 597., 1031., 2410.)
FP(4.62, 51.338348, 844., 1496., 2401.)
FP(4.63, 38.140221, 685., 1678., 2230.)
FP(4.66, 38.639626, 667., 1186., 2172.)
FP(4.67, 31.155920, 405., 1353., 2349.)
FP(4.68, 25.011526, 775., 1377., 2143.)
FP(4.70, 26.737646, 667., 1338., 3166.)
FP(4.71, 25.603807, 646., 1256., 2247.)
FP(4.72, 24.292265, 1089., 2655., 3509.)
FP(4.79, 63.655819, 1022., 1925., 2742.)
FP(4.80, 57.912117, 695., 1200., 2274.)
FP(4.88, 58.519718, 534., 1292., 1616.)
FP(4.89, 51.410412, 323., 1194., 1605.)
FP(4.90, 48.272816, 364., 1569., 2127.)
FP(4.91, 42.308659, 656., 1469., 2053.)
FP(4.98, 53.939045, 457., 983., 2724.)
FP(4.99, 44.167343, 272., 930., 2559.)
FP(5.06, 40.052185, 239., 1049., 2710.)
FP(5.08, 45.146778, 309., 986., 2582.)
FP(5.09, 50.489185, 603., 900., 3242.)
FP(5.11, 57.962795, 804., 1041., 2762.)
FP(5.22, 49.749001, 735., 1755., 2779.)
FP(5.23, 43.625626, 352., 1959., 2744.)
FP(5.27, 46.252693, 590., 1268., 2733.)
FP(5.36, 53.926762, 1006., 1368., 2717.)
FP(5.38, 54.095028, 692., 1102., 2722.)
FP(5.41, 56.628017, 632., 1207., 2951.)
FP(5.44, 45.978104, 1076., 1410., 2442.)
FP(5.48, 50.929836, 1123., 1965., 2862.)
FP(5.54, 51.463688, 571., 1580., 2669.)
FP(5.55, 46.053421, 505., 2254., 2632.)
FP(5.59, 40.060883, 416., 2025., 3325.)
FP(5.60, 37.812374, 253., 2269., 2887.)
FP(5.61, 35.017742, 231., 1014., 2246.)
FP(5.62, 31.938301, 254., 1020., 2381.)
FP(5.63, 23.062956, 514., 1160., 2913.)
FP(5.64, 24.245802, 499., 1801., 3102.)
FP(5.66, 43.766891, 517., 1499., 2952.)
FP(5.67, 42.151737, 748., 2885., 3810.)
FP(5.68, 43.389729, 733., 1801., 3035.)
FP(5.69, 42.264908, 243., 2783., 3621.)
FP(5.70, 39.313255, 285., 1958., 3826.)
FP(5.75, 37.889748, 411., 1981., 3361.)
FP(5.76, 42.183266, 407., 1924., 2335.)
FP(5.80, 47.406467, 401., 1440., 2415.)
FP(5.92, 48.389370, 754., 1343., 2517.)
FP(5.96, 41.052608, 674., 1368., 1865.)
FP(5.98, 37.297665, 643., 1611., 1945.)
FP(5.99, 36.950413, 641., 1969., 2743.)
FP(6.00, 37.464905, 591., 1413., 2078.)
FP(6.01, 42.269081, 555., 2066., 2808.)
FP(6.10, 53.410694, 521., 2063., 2859.)
FP(6.19, 41.829327, 502., 1261., 1899.)
FP(6.23, 40.496922, 315., 1085., 1970.)
FP(6.28, 44.433849, 377., 1956., 2386.)
FP(6.30, 49.835556, 509., 1920., 2554.)
FP(6.36, 44.399960, 459., 1891., 2563.)
FP(6.38, 35.172325, 238., 2134., 2853.)
FP(6.39, 33.771179, 220., 2216., 2804.)
FP(6.47, 39.279919, 531., 2079., 2941.)
FP(6.49, 33.690109, 517., 1800., 2645.)
FP(6.50, 34.014866, 263., 1572., 2917.)
FP(6.53, 39.271080, 424., 2022., 2669.)
FP(6.65, 55.728725, 441., 2150., 2626.)
FP(6.72, 38.298584, 349., 2210., 2485.)
FP(6.73, 34.140251, 276., 2320., 3709.)
FP(6.74, 31.381252, 324., 2171., 2413.)
FP(6.75, 29.726139, 351., 2158., 2799.)
FP(6.76, 15.935925, 251., 1132., 2136.)
FP(6.77, 13.435137, 238., 1140., 2245.)
FP(6.78, 13.853620, 344., 2154., 3049.)
FP(6.79, 14.642359, 244., 1285., 2574.)
FP(6.80, 13.326771, 764., 1813., 2691.)
FP(6.81, 10.172537, 332., 1241., 2515.)
FP(6.82, 15.093457, 529., 2461., 3180.)
FP(6.83, 12.651960, 522., 1209., 2451.)
FP(6.84, 12.487943, 866., 1298., 2268.)
FP(6.85, 13.271847, 542., 1247., 2318.)
FP(6.90, 30.284050, 899., 1403., 2483.)
FP(6.93, 32.040070, 704., 1032., 2452.)
FP(6.94, 32.861267, 757., 1511., 2477.)
FP(6.99, 35.867889, 313., 1421., 2463.)
FP(7.00, 25.838688, 544., 2288., 3438.)
FP(7.01, 24.685257, 510., 1740., 2216.)
FP(7.02, 27.389347, 519., 1209., 2441.)
FP(7.04, 19.207850, 517., 1482., 2786.)
FP(7.05, 20.068237, 1139., 1489., 2843.)
FP(7.08, 50.325745, 919., 1456., 3639.)
FP(7.09, 38.546535, 313., 1158., 3485.)
FP(7.10, 41.317684, 328., 1099., 2501.)
FP(7.11, 43.396839, 616., 1208., 2506.)
FP(7.14, 44.695652, 338., 1441., 2652.)
FP(7.15, 41.555878, 453., 1332., 2675.)
FP(7.16, 30.981766, 245., 1284., 2480.)
FP(7.18, 28.351208, 233., 1294., 2701.)
FP(7.21, 33.431309, 263., 1454., 2687.)
FP(7.22, 38.491100, 375., 1396., 2515.)
FP(7.23, 41.701366, 287., 1401., 2536.)
FP(7.24, 51.049049, 588., 1593., 2788.)
FP(7.31, 56.574005, 935., 1518., 2620.)
FP(7.40, 40.918327, 339., 1458., 2498.)
FP(7.43, 32.261765, 279., 1652., 2457.)
FP(7.45, 34.622082, 294., 1325., 2694.)
FP(7.46, 37.295242, 902., 1282., 3013.)
FP(7.47, 50.516743, 446., 1194., 2513.)
FP(7.53, 47.765209, 434., 807., 2797.)
FP(7.67, 59.979855, 774., 1044., 2661.)
FP(7.76, 40.485615, 267., 1093., 2730.)
FP(7.78, 46.267284, 389., 1020., 2717.)
FP(7.81, 43.154720, 312., 857., 2666.)
FP(7.84, 48.036484, 415., 849., 2685.)
FP(7.94, 37.634575, 294., 1386., 2445.)
FP(7.96, 36.234802, 439., 1430., 2408.)
FP(7.97, 34.778389, 257., 1439., 2314.)
FP(7.98, 40.637978, 487., 1454., 2397.)
FP(7.99, 35.702888, 288., 1373., 2417.)
FP(8.00, 38.433323, 250., 1358., 2401.)
FP(8.02, 48.912216, 623., 1434., 2496.)
FP(8.13, 57.803513, 937., 1444., 2676.)
FP(8.22, 44.975456, 391., 1575., 2196.)
FP(8.23, 38.470642, 761., 1561., 2888.)
FP(8.25, 36.024704, 629., 1094., 3672.)
FP(8.26, 37.632500, 383., 1382., 3260.)
FP(8.27, 41.303875, 343., 1448., 2564.)
FP(8.28, 47.389881, 559., 2471., 3196.)
FP(8.29, 51.944054, 468., 2583., 3257.)
FP(8.30, 49.637825, 1493., 2442., 3262.)
FP(8.33, 49.957649, 290., 2035., 2558.)
FP(8.37, 38.949150, 416., 1733., 2429.)
FP(8.44, 36.917953, 356., 1062., 2583.)
FP(8.50, 35.790329, 301., 1145., 2580.)
FP(8.54, 50.399345, 347., 1933., 2551.)
FP(8.64, 40.132259, 321., 2414., 2597.)
FP(8.66, 46.572506, 156., 2715., 3269.)
FP(8.67, 48.006580, 444., 1899., 2971.)
FP(8.68, 52.998871, 470., 3153., 3918.)
FP(8.72, 52.522003, 496., 3002., 4006.)
FP(8.73, 54.839336, 513., 1297., 3176.)
FP(8.75, 48.637531, 379., 1609., 3106.)
FP(8.83, 50.705841, 694., 1358., 2527.)
FP(8.91, 42.671463, 470., 1409., 2765.)
FP(8.92, 39.078617, 950., 1418., 2590.)
FP(8.94, 30.670292, 624., 1276., 2730.)
FP(8.95, 27.164051, 831., 1309., 3302.)
FP(8.96, 23.204262, 559., 1179., 2296.)
FP(8.99, 21.136068, 552., 1249., 3357.)
FP(9.00, 18.600986, 551., 1188., 1327.)
FP(9.01, 19.635870, 552., 1410., 2669.)
FP(9.02, 15.228462, 527., 1480., 2747.)
FP(9.04, 16.282049, 531., 1021., 2452.)
FP(9.05, 12.119248, 500., 1500., 2500.)
FP(9.79, 11.714830, 500., 1500., 2500.)
FP(9.80, 11.694360, 168., 1175., 2289.)
FP(9.81, 13.364973, 485., 1527., 2170.)
FP(9.82, 12.685449, 115., 1913., 2677.)
FP(9.83, 13.151160, 694., 1558., 2201.)
FP(9.84, 13.736850, 295., 1448., 2214.)
FP(9.85, 15.922418, 441., 1629., 2910.)
FP(9.86, 15.158590, 203., 1018., 2145.)
FP(9.88, 18.571922, 321., 1329., 3028.)
FP(9.89, 17.918776, 228., 1008., 1991.)
FP(9.93, 20.778286, 180., 1093., 1832.)
FP(9.96, 23.994223, 157., 1109., 2669.)
FP(9.97, 23.478180, 340., 1569., 2489.)
FP(9.98, 22.045429, 203., 1800., 2741.)
FP(9.99, 24.969608, 57., 1052., 2499.)
FP(10.00, 26.313099, 267., 2466., 2782.)
FP(10.01, 29.059477, 225., 1068., 2489.)
FP(10.02, 30.807774, 194., 2401., 3008.)
FP(10.03, 36.137405, 390., 2399., 2937.)
FP(10.10, 54.401127, 302., 2723., 3541.)
FP(10.11, 60.007397, 880., 2616., 3504.)
FP(10.14, 72.413132, 576., 2706., 3458.)
FP(10.16, 71.675072, 1246., 2640., 3837.)
FP(10.22, 69.924812, 978., 2596., 4047.)
FP(10.23, 51.840878, 316., 2676., 3591.)
FP(10.25, 48.793259, 417., 2552., 3062.)
FP(10.26, 49.783627, 227., 1162., 2622.)
FP(10.27, 47.304852, 515., 1265., 2581.)
FP(10.30, 46.111732, 408., 805., 2567.)
FP(10.35, 50.173264, 283., 892., 2461.)
FP(10.37, 46.944679, 336., 851., 2328.)
FP(10.38, 49.883907, 234., 878., 2476.)
FP(10.44, 48.103977, 282., 824., 2051.)
FP(10.49, 46.693386, 312., 898., 2719.)
FP(10.53, 47.796700, 192., 963., 2273.)
FP(10.60, 41.390305, 265., 865., 2472.)
FP(10.62, 43.843075, 266., 2418., 2907.)
FP(10.70, 47.683498, 325., 2429., 2816.)
FP(10.71, 50.867317, 210., 2494., 3035.)
FP(10.72, 47.334633, 205., 2456., 3905.)
FP(10.75, 53.734039, 327., 2602., 2842.)
FP(10.77, 58.225010, 236., 2634., 2991.)
FP(10.78, 57.567051, 390., 2538., 3069.)
FP(10.80, 58.438931, 323., 2576., 3055.)
FP(10.81, 53.655411, 992., 2727., 3095.)
FP(10.87, 45.977394, 829., 2611., 3226.)
FP(10.88, 43.146332, 1421., 2318., 3168.)
FP(10.89, 42.005219, 634., 1976., 2658.)
FP(10.90, 37.229805, 421., 1480., 2564.)
FP(10.91, 38.081013, 685., 1926., 2694.)
FP(10.92, 36.697025, 372., 1584., 3209.)
FP(10.93, 27.048906, 680., 1603., 2552.)
FP(10.95, 22.314095, 441., 1259., 3222.)
FP(10.96, 17.978222, 491., 1215., 2508.)
FP(10.97, 18.630220, 1116., 1977., 2735.)
FP(10.98, 16.099859, 486., 1640., 2742.)
FP(11.03, 14.285937, 528., 1253., 2144.)
FP(11.06, 11.420250, 539., 1726., 3119.)
FP(11.07, 10.816327, 442., 1108., 2115.)
FP(11.08, 11.442630, 500., 1500., 2500.)
FP(12.22, 13.775596, 500., 1500., 2500.)
FP(12.23, 11.165823, 1476., 2525., 3602.)
FP(12.25, 37.370197, 389., 1665., 2765.)
FP(12.27, 38.649559, 204., 1960., 2910.)
FP(12.29, 45.283585, 239., 1943., 2605.)
FP(12.30, 47.519184, 355., 1977., 2473.)
FP(12.32, 50.124344, 298., 1986., 2960.)
FP(12.37, 50.334908, 452., 1154., 2413.)
FP(12.41, 53.564880, 696., 1142., 2188.)
FP(12.50, 52.924438, 608., 1097., 1669.)
FP(12.64, 53.837036, 530., 934., 3603.)
FP(12.68, 57.994473, 928., 1184., 2882.)
FP(12.75, 56.487942, 860., 1111., 2774.)
FP(12.90, 59.077499, 772., 2162., 2780.)
FP(12.91, 60.881100, 1009., 2153., 2775.)
FP(12.92, 63.237339, 860., 2137., 2772.)
FP(12.93, 57.888580, 338., 2228., 2839.)
FP(12.95, 58.289925, 446., 2518., 2920.)
FP(12.97, 53.503983, 307., 2376., 2755.)
FP(13.00, 50.755764, 452., 2372., 2740.)
FP(13.01, 43.646130, 371., 2218., 2709.)
FP(13.07, 49.333061, 928., 1564., 2423.)
FP(13.16, 48.144051, 789., 1731., 2578.)
FP(13.17, 45.815033, 206., 1768., 2498.)
FP(13.18, 44.034748, 238., 1965., 2504.)
FP(13.19, 47.090870, 242., 1104., 2558.)
FP(13.21, 41.658245, 274., 1954., 2621.)
FP(13.22, 52.752090, 416., 2039., 2577.)
FP(13.29, 58.902466, 690., 1958., 2660.)
FP(13.36, 51.116779, 567., 1500., 2585.)
FP(13.37, 47.778175, 792., 1590., 2584.)
FP(13.38, 49.081161, 492., 1552., 2653.)
FP(13.47, 59.628880, 478., 2041., 2750.)
FP(13.49, 56.010597, 735., 2139., 2739.)
FP(13.51, 52.174004, 217., 2215., 2789.)
FP(13.53, 50.134258, 519., 2122., 2812.)
FP(13.54, 51.452694, 370., 2123., 2969.)
FP(13.55, 51.712608, 345., 2150., 2823.)
FP(13.56, 49.235462, 533., 2144., 2810.)
FP(13.57, 49.120476, 336., 2278., 2870.)
FP(13.58, 53.415154, 337., 2176., 2798.)
FP(13.69, 58.776115, 561., 2152., 2638.)
FP(13.71, 61.428417, 315., 2295., 2744.)
FP(13.73, 50.654114, 511., 2142., 2819.)
FP(13.76, 35.188423, 416., 2898., 3578.)
FP(13.77, 36.950928, 510., 2032., 3158.)
FP(13.78, 44.923771, 314., 3091., 3842.)
FP(13.79, 57.786743, 457., 2736., 3834.)
FP(13.82, 61.261864, 491., 2798., 3680.)
FP(13.84, 57.846272, 309., 2829., 3422.)
FP(13.85, 54.521542, 1144., 2694., 3493.)
FP(13.86, 57.086315, 1236., 2731., 3394.)
FP(13.87, 57.662506, 283., 2855., 3632.)
FP(13.89, 48.295692, 262., 2489., 2801.)
FP(13.94, 47.006939, 315., 2031., 3085.)
FP(13.96, 52.828468, 478., 1904., 2395.)
FP(14.13, 41.296398, 410., 1165., 2205.)
FP(14.19, 24.474707, 419., 1095., 2180.)
FP(14.22, 16.975788, 479., 1549., 2379.)
FP(14.23, 13.564401, 495., 2315., 3368.)
FP(14.25, 14.223834, 389., 1670., 3135.)
FP(14.26, 12.724682, 568., 2303., 3245.)
FP(14.27, 11.566154, 512., 1596., 2479.)
FP(14.29, 14.546394, 592., 2178., 3101.)
FP(14.30, 12.638221, 600., 1627., 2414.)
FP(14.31, 13.300514, 823., 2587., 3540.)
FP(14.32, 13.659398, 486., 1919., 3496.)
FP(14.33, 13.720593, 616., 1889., 2339.)
FP(14.36, 12.959920, 487., 1877., 2556.)
FP(14.38, 13.881940, 1071., 2065., 2710.)
FP(14.39, 11.769864, 706., 1808., 2424.)
FP(14.40, 13.793200, 709., 1652., 2263.)
FP(14.41, 13.651911, 179., 1811., 2253.)
FP(14.42, 14.796049, 536., 1744., 2362.)
FP(14.44, 12.463759, 724., 1865., 2308.)
FP(14.45, 13.646536, 624., 1926., 3199.)
FP(14.46, 13.001001, 600., 1899., 2361.)
FP(14.49, 13.839966, 551., 1871., 3118.)
FP(14.50, 14.634968, 181., 2304., 3035.)
FP(14.51, 13.447655, 156., 2056., 2776.)
FP(14.52, 14.276587, 752., 1669., 2533.)
FP(14.55, 31.746738, 299., 2037., 3026.)
FP(14.62, 58.672539, 271., 2113., 3178.)
FP(14.69, 57.698109, 861., 2215., 3260.)
FP(14.76, 58.298397, 859., 1381., 2704.)
FP(14.82, 54.877621, 900., 1603., 3164.)
FP(14.83, 54.002136, 648., 1603., 3128.)
FP(14.87, 43.481705, 550., 1667., 2785.)
FP(14.95, 34.432590, 649., 1872., 2811.)
FP(14.96, 26.918320, 488., 874., 1801.)
FP(14.97, 25.730169, 882., 1694., 3076.)
FP(14.99, 38.446606, 686., 1566., 3458.)
FP(15.03, 58.991558, 1046., 2109., 3115.)
FP(15.07, 54.529877, 710., 1830., 3224.)
FP(15.25, 56.746368, 755., 1900., 2070.)
FP(15.39, 64.450233, 699., 1955., 2590.)
FP(15.42, 58.733891, 421., 2116., 2564.)
FP(15.43, 52.736042, 831., 2117., 2611.)
FP(15.44, 55.980564, 521., 1874., 2587.)
FP(15.48, 47.884979, 417., 2080., 2638.)
FP(15.66, 55.838268, 775., 1803., 2204.)
FP(15.67, 52.333797, 478., 1321., 2173.)
FP(15.68, 45.829483, 732., 1807., 2945.)
FP(15.69, 47.302441, 505., 2171., 2939.)
FP(15.72, 44.077564, 1072., 1959., 2516.)
FP(15.74, 42.088577, 587., 1901., 2545.)
FP(15.75, 38.202877, 707., 1873., 2536.)
FP(15.76, 35.373322, 448., 1693., 2210.)
FP(15.77, 33.964252, 571., 1961., 2457.)
FP(15.78, 28.824749, 381., 1771., 2939.)
FP(15.80, 29.948826, 948., 2031., 2929.)
FP(15.81, 29.930855, 714., 2029., 3259.)
FP(15.82, 48.369720, 367., 1064., 3440.)
FP(15.83, 51.305965, 310., 1165., 3199.)
FP(15.84, 46.917488, 878., 1308., 2856.)
FP(15.85, 48.218731, 1011., 1322., 2887.)
FP(15.87, 48.717140, 429., 1077., 3370.)
FP(15.92, 52.552094, 751., 1201., 2181.)
FP(16.05, 59.771358, 957., 1180., 2302.)
FP(16.15, 58.055111, 562., 1242., 2407.)
FP(16.23, 53.612892, 728., 1511., 2531.)
FP(16.27, 55.164452, 344., 1458., 3144.)
FP(16.29, 58.436489, 366., 1546., 3350.)
FP(16.31, 62.731518, 716., 1949., 3377.)
FP(16.35, 61.686214, 357., 2215., 3483.)
FP(16.48, 65.690643, 217., 2171., 2783.)
FP(16.51, 57.520233, 264., 2135., 3463.)
FP(16.52, 61.271919, 611., 2099., 2568.)
FP(16.55, 60.553505, 349., 1528., 2534.)
FP(16.56, 53.542076, 403., 2242., 2673.)
FP(16.58, 57.759876, 657., 1313., 2484.)
FP(16.60, 60.955929, 864., 1217., 2516.)
FP(16.92, 38.272530, 914., 1131., 2775.)
FP(16.98, 23.159849, 763., 1557., 2887.)
FP(16.99, 20.125046, 784., 1166., 3037.)
FP(17.00, 15.961489, 811., 1713., 2951.)
FP(17.01, 17.748329, 365., 1266., 3087.)
FP(17.02, 17.413511, 583., 1241., 3059.)
FP(17.03, 14.823862, 270., 950., 1735.)
FP(17.04, 13.672650, 297., 980., 3134.)
FP(17.05, 16.861135, 549., 1211., 3069.)
FP(17.06, 14.845087, 331., 784., 3089.)
FP(17.07, 14.073206, 261., 774., 3186.)
FP(17.08, 16.949560, 405., 2693., 3320.)
FP(17.09, 16.081875, 291., 863., 2112.)
FP(17.11, 16.141474, 280., 816., 3239.)
FP(17.13, 16.563747, 278., 798., 2004.)
FP(17.14, 18.645081, 246., 779., 3540.)
FP(17.17, 20.837137, 284., 845., 2856.)
FP(17.18, 19.205297, 233., 790., 1788.)
FP(17.19, 23.505863, 248., 819., 2963.)
FP(17.22, 31.726101, 278., 1358., 3165.)
FP(17.23, 33.363720, 530., 1717., 3068.)
FP(17.24, 42.312393, 529., 990., 3076.)
FP(17.25, 48.261944, 566., 944., 2999.)
FP(17.30, 58.572369, 925., 1288., 2759.)
FP(17.42, 57.564896, 947., 1996., 2533.)
FP(17.43, 60.038345, 685., 1996., 2587.)
FP(17.44, 60.693531, 935., 1988., 2608.)
FP(17.46, 65.638237, 555., 1951., 2610.)
FP(17.50, 64.916679, 488., 2833., 3332.)
FP(17.65, 61.092304, 516., 2100., 4040.)
FP(17.70, 57.063080, 742., 1950., 3532.)
FP(17.72, 54.483936, 389., 1734., 3930.)
FP(17.73, 54.628967, 548., 2418., 3924.)
FP(17.74, 56.974987, 393., 1284., 3733.)
FP(17.75, 56.515991, 473., 2143., 3839.)
FP(17.77, 62.258942, 418., 1917., 3692.)
FP(17.78, 54.841789, 717., 1807., 3889.)
FP(17.84, 57.200779, 727., 1206., 3662.)
FP(17.86, 53.164371, 773., 1142., 2611.)
FP(17.90, 53.869339, 807., 1347., 3227.)
FP(17.91, 53.817181, 690., 800., 3192.)
FP(17.92, 52.979500, 462., 816., 3158.)
FP(17.94, 49.736427, 687., 850., 3059.)
FP(17.97, 43.819080, 866., 1541., 2955.)
FP(17.98, 42.203865, 777., 901., 3094.)
FP(17.99, 42.926643, 574., 792., 3032.)
FP(18.05, 56.069698, 472., 777., 1918.)
FP(18.06, 47.079533, 440., 845., 1961.)
FP(18.07, 40.987617, 360., 1948., 4002.)
FP(18.08, 45.704735, 635., 2308., 3830.)
FP(18.09, 48.827320, 798., 2115., 4195.)
FP(18.10, 47.501064, 561., 1959., 2195.)
FP(18.11, 51.919781, 730., 1981., 2306.)
FP(18.13, 52.540989, 604., 1889., 2410.)
FP(18.14, 56.623882, 687., 2047., 3660.)
FP(18.15, 58.086006, 615., 1957., 2560.)
FP(18.16, 58.465889, 392., 2348., 3672.)
FP(18.17, 57.614738, 687., 2081., 3785.)
FP(18.18, 55.759117, 215., 1988., 3680.)
FP(18.19, 57.750149, 935., 2102., 3816.)
FP(18.21, 58.002991, 887., 2248., 3453.)
FP(18.23, 56.451290, 284., 2113., 3731.)
FP(18.24, 57.964939, 207., 2106., 3546.)
FP(18.26, 43.245831, 495., 1718., 3638.)
FP(18.27, 38.727154, 442., 2135., 3773.)
FP(18.28, 37.303272, 525., 1626., 2064.)
FP(18.29, 36.718056, 451., 2181., 3612.)
FP(18.30, 43.942726, 551., 2332., 3705.)
FP(18.31, 49.163464, 414., 2252., 3693.)
FP(18.32, 62.594799, 589., 2310., 3926.)
FP(18.42, 61.529549, 734., 1527., 1873.)
FP(18.61, 39.604481, 806., 1893., 2247.)
FP(18.63, 41.232929, 513., 1284., 2082.)
FP(18.65, 45.602856, 632., 937., 2870.)
FP(18.78, 38.524254, 597., 901., 3392.)
FP(18.81, 29.334463, 495., 874., 2286.)
FP(18.82, 29.606768, 513., 2216., 3137.)
FP(18.83, 25.614492, 829., 2325., 3270.)
FP(18.84, 25.534203, 391., 849., 2914.)
FP(18.87, 23.253132, 790., 2905., 3995.)
FP(18.89, 25.845852, 926., 2244., 3107.)
FP(18.93, 24.186687, 873., 2129., 3774.)
FP(18.94, 22.655783, 858., 1834., 2144.)
FP(18.95, 25.986284, 237., 1113., 2000.)
FP(18.96, 27.396923, 830., 2072., 2907.)
FP(18.97, 38.777275, 1008., 2311., 2837.)
FP(18.99, 62.422966, 246., 2204., 3558.)
FP(19.00, 56.812073, 234., 2226., 3891.)
FP(19.01, 56.946835, 242., 2040., 2390.)
FP(19.02, 51.272964, 259., 1944., 2179.)
FP(19.15, 61.078819, 336., 2137., 2475.)
FP(19.20, 56.565239, 559., 1242., 2492.)
FP(19.28, 58.468315, 863., 1134., 2726.)
FP(19.33, 58.438774, 907., 1978., 2706.)
FP(19.36, 43.760323, 311., 1875., 2608.)
FP(19.37, 44.685028, 475., 1848., 2772.)
FP(19.38, 44.032413, 405., 982., 2714.)
FP(19.39, 42.809841, 319., 962., 2806.)
FP(19.40, 40.084740, 292., 1072., 2730.)
FP(19.42, 45.638714, 551., 2184., 2839.)
FP(19.50, 45.437157, 521., 1305., 2327.)
FP(19.51, 56.312996, 657., 1688., 2270.)
FP(19.53, 62.273468, 544., 1570., 2655.)
FP(19.55, 62.514050, 444., 2337., 3973.)
FP(19.56, 61.517422, 257., 1928., 3876.)
FP(19.57, 61.044048, 542., 1910., 3893.)
FP(19.59, 59.279564, 454., 2626., 3753.)
FP(19.60, 57.268147, 358., 2285., 3688.)
FP(19.62, 53.300488, 448., 1688., 3745.)
FP(19.63, 50.758087, 329., 2450., 4007.)
FP(19.65, 42.914215, 984., 2022., 3831.)
FP(19.66, 43.560329, 841., 2616., 3853.)
FP(19.67, 53.644188, 374., 2074., 3601.)
FP(19.68, 53.141033, 398., 1665., 2449.)
FP(19.74, 55.230190, 815., 1774., 2621.)
FP(19.82, 53.089733, 818., 1460., 2841.)
FP(19.83, 54.715530, 704., 881., 2824.)
FP(19.91, 50.327202, 507., 1089., 2620.)
FP(19.94, 57.020092, 763., 1019., 2815.)
FP(20.12, 56.194592, 910., 1247., 2852.)
FP(20.27, 45.213402, 440., 2094., 2807.)
FP(20.28, 39.601803, 487., 1911., 2490.)
FP(20.29, 40.347633, 812., 2478., 2797.)
FP(20.31, 38.830853, 562., 2014., 2682.)
FP(20.33, 41.776592, 1000., 2168., 2588.)
FP(20.34, 38.857933, 561., 1907., 2537.)
FP(20.37, 35.638325, 900., 2515., 3410.)
FP(20.38, 32.315567, 562., 2480., 3216.)
FP(20.40, 21.701513, 978., 2409., 3193.)
FP(20.44, 11.141104, 500., 1500., 2500.)
FP(21.64, 14.566779, 500., 1500., 2500.)
FP(21.65, 11.655742, 1106., 2077., 3006.)
FP(21.68, 14.555159, 1132., 2037., 3695.)
FP(21.71, 19.118006, 914., 1946., 2734.)
FP(21.72, 24.654318, 1326., 1827., 2718.)
FP(21.73, 24.940756, 1063., 3080., 3262.)
FP(21.74, 52.052292, 1355., 2392., 3425.)
FP(21.75, 55.625954, 151., 2296., 3490.)
FP(21.76, 54.892117, 313., 1751., 2362.)
FP(21.82, 48.668915, 354., 1370., 2287.)
FP(21.99, 52.107964, 263., 2194., 2652.)
FP(22.10, 55.267818, 369., 1740., 2491.)
FP(22.17, 50.680672, 576., 1306., 3380.)
FP(22.19, 52.613438, 646., 1293., 2692.)
FP(22.27, 37.948185, 339., 1065., 3161.)
FP(22.30, 20.320578, 300., 826., 1866.)
FP(22.31, 15.568376, 341., 788., 1929.)
FP(22.32, 11.746905, 493., 1221., 2124.)
FP(22.33, 11.759715, 1040., 2095., 3040.)
FP(22.34, 12.287229, 424., 1231., 2044.)
FP(22.35, 11.694012, 963., 1960., 3461.)
FP(22.36, 12.939767, 1212., 1908., 2738.)
FP(22.37, 11.190115, 148., 1232., 1907.)
FP(22.38, 14.368499, 1200., 1892., 2667.)
