0
0
0
0
0
172.688
172.688
177.443
187.219
196.995
206.771
214.285
219.412
224.538
229.665
233.107
234.770
236.434
238.098
239.661
241.119
242.577
244.034
246.056
248.675
251.293
253.912
256.222
258.208
260.195
262.181
261.682
258.561
255.440
252.319
247.670
241.408
235.146
228.884
222.481
215.929
209.378
202.826
199.076
198.284
197.492
196.700
194.921
192.099
189.278
186.456
182.785
178.218
173.650
169.083
168.144
171.038
173.931
176.825
179.015
180.461
181.908
183.355
185.505
188.398
191.292
194.185
195.696
195.748
195.799
195.850
194.575
191.901
189.227
186.552
185.306
185.569
185.832
186.094
186.040
185.651
185.261
184.872
184.378
183.772
183.167
182.561
182.869
184.143
185.417
186.691
188.989
192.369
195.750
199.130
199.808
197.631
195.454
193.278
193.919
197.537
201.155
204.772
207.510
209.319
211.128
212.936
214.745
216.554
218.363
220.172
222.860
226.478
230.096
233.713
234.701
232.911
231.121
229.331
227.893
226.827
225.761
224.695
222.796
220.016
217.237
214.458
212.225
210.568
208.912
207.256
205.733
204.351
202.969
201.587
200.946
201.089
201.232
201.375
201.483
201.554
201.626
201.697
201.803
201.946
202.089
202.231
202.008
201.397
200.786
200.176
199.679
199.303
198.926
198.550
197.942
197.088
196.234
195.380
196.828
200.708
204.587
208.466
211.402
213.341
215.281
217.221
219.160
221.100
223.039
224.979
227.862
231.741
235.621
239.500
243.543
247.760
251.976
256.193
257.808
256.675
255.542
254.410
250.526
243.737
236.948
230.159
227.010
227.705
228.400
229.095
229.621
229.969
230.316
230.664
231.011
231.359
231.706
232.054
232.402
232.749
233.097
233.444
233.961
234.656
235.351
236.046
238.646
243.256
247.867
252.477
257.378
262.585
267.791
272.998
276.641
278.633
280.626
282.618
285.194
288.388
291.581
294.775
298.446
302.620
306.795
310.970
312.257
310.494
308.731
306.968
305.677
304.886
304.094
303.302
301.690
299.211
296.732
294.253
292.376
291.137
289.897
288.658
286.815
284.336
281.857
279.378
276.354
272.756
269.158
265.559
262.613
260.355
258.097
255.839
253.465
250.970
248.476
245.981
242.057
236.625
231.193
225.761
223.170
223.577
223.985
224.393
223.927
222.538
221.150
219.761
218.497
217.363
216.229
215.095
213.980
212.886
211.791
210.696
211.148
213.234
215.319
217.405
218.983
220.025
221.068
222.111
223.154
224.196
225.239
226.282
227.831
229.917
232.002
234.088
238.586
245.632
252.677
259.723
267.448
275.889
284.331
292.772
299.820
305.396
310.972
316.548
320.562
322.927
325.292
327.657
330.358
333.414
336.469
339.525
342.179
344.409
346.639
348.869
350.732
352.208
353.684
355.160
355.615
354.992
354.368
353.745
351.637
347.959
344.281
340.603
335.674
329.424
323.174
316.924
309.342
300.353
291.364
282.375
273.929
266.056
258.183
250.311
242.783
235.620
228.458
221.295
215.311
210.573
205.834
201.095
198.602
198.482
198.362
198.241
198.150
198.090
198.030
197.970
197.910
197.850
197.789
197.729
197.669
197.609
197.549
197.489
197.428
197.368
197.308
197.248
197.188
197.128
197.067
197.007
196.947
196.887
196.827
196.767
196.706
196.646
196.586
196.526
196.466
196.406
196.346
196.285
196.225
196.165
196.105
196.045
195.985
195.924
195.864
195.804
195.744
195.684
195.624
195.563
195.503
195.443
195.383
195.323
195.263
195.202
195.142
195.082
195.022
194.962
194.902
194.841
194.781
194.721
194.661
194.601
194.541
194.481
194.420
194.360
194.300
194.240
194.180
194.120
194.059
193.999
193.939
193.879
193.819
193.759
193.698
193.638
193.578
193.518
193.458
193.398
193.337
193.277
193.217
193.157
193.097
193.037
192.976
192.916
192.856
192.796
192.736
192.676
192.586
192.466
192.346
192.225
194.945
200.664
206.383
212.102
216.087
218.239
220.392
222.545
223.818
224.162
224.505
224.849
225.625
226.859
228.092
229.325
230.258
230.875
231.491
232.108
233.024
234.258
235.491
236.724
239.671
244.429
249.186
253.944
257.146
258.707
260.267
261.828
262.990
263.731
264.471
265.212
264.699
262.862
261.026
259.189
258.350
258.565
258.780
258.995
257.070
252.883
248.696
244.510
240.087
235.415
230.743
226.070
222.954
221.482
220.009
218.536
217.611
217.265
216.918
216.572
216.568
216.925
217.283
217.640
218.236
219.085
219.933
220.782
221.225
221.239
221.253
221.268
221.211
221.080
220.949
220.817
220.688
220.561
220.434
220.307
220.506
221.049
221.592
222.135
224.291
228.150
232.008
235.867
240.000
244.422
248.844
253.266
257.548
261.682
265.817
269.951
272.938
274.715
276.492
278.269
276.657
271.465
266.273
261.081
252.674
240.872
229.070
217.268
210.311
208.470
206.629
204.788
203.395
202.475
201.554
200.634
199.266
197.425
195.584
193.743
193.877
196.095
198.313
200.531
201.710
201.793
201.875
201.957
201.355
200.031
198.706
197.381
196.266
195.371
194.477
193.582
191.219
187.306
183.392
179.478
180.260
185.999
191.738
197.477
201.820
204.690
207.559
210.429
213.298
216.167
219.037
221.906
226.172
231.911
237.650
243.389
248.538
253.064
257.589
262.115
265.567
267.883
270.199
272.515
272.502
270.029
267.556
265.084
263.971
264.295
264.620
264.944
266.463
269.244
272.025
274.805
275.298
273.374
271.450
269.526
266.094
261.070
256.046
251.022
246.548
242.655
238.762
234.869
231.923
229.977
228.030
226.084
224.137
222.191
220.244
218.298
215.405
211.512
207.619
203.726
200.484
197.930
195.376
192.821
189.580
185.614
181.649
177.683
174.496
172.133
169.770
167.408
166.438
166.939
167.441
167.942
167.351
165.606
163.861
162.117
163.028
166.745
170.462
174.179
176.992
178.851
180.709
182.567
184.426
186.284
188.143
190.001
191.860
193.718
195.577
197.435
199.294
201.152
203.010
204.869
206.727
208.586
210.444
212.303
214.161
216.020
217.878
219.737
221.595
223.454
225.312
227.170
229.029
230.887
232.746
234.604
237.367
241.084
244.800
248.517
249.460
247.473
245.486
243.499
242.212
241.662
241.113
240.563
240.014
239.464
238.915
238.366
237.544
236.436
235.328
234.220
234.073
234.942
235.811
236.679
238.355
240.883
243.411
245.939
245.887
243.111
240.335
237.559
231.124
220.826
210.528
200.230
197.746
203.513
209.280
215.047
217.866
217.572
217.278
216.985
217.032
217.440
217.848
218.256
220.246
223.905
227.565
231.225
234.399
237.061
239.724
242.386
245.276
248.408
251.540
254.671
256.608
257.284
257.959
258.635
258.179
256.530
254.881
253.231
249.059
242.222
235.385
228.548
222.824
218.275
213.726
209.177
205.816
203.710
201.603
199.497
197.272
194.921
192.571
190.220
186.056
179.978
173.899
167.821
165.284
166.488
167.691
168.895
174.205
183.850
193.496
203.142
208.984
210.811
212.637
214.463
216.930
220.073
223.216
226.359
230.234
234.884
239.533
244.182
249.235
254.714
260.193
265.672
267.345
265.001
262.657
260.313
256.122
249.981
243.839
237.698
233.050
229.979
226.908
223.838
220.767
217.696
214.626
211.555
206.991
200.849
194.708
188.566
182.648
176.966
171.284
165.602
161.047
157.683
154.320
150.956
148.690
147.585
146.479
145.373
145.324
146.389
147.453
148.518
149.082
149.116
149.149
149.183
149.742
150.855
151.968
153.082
154.929
157.551
160.173
162.796
164.780
166.091
167.402
168.714
170.025
171.336
172.647
173.958
175.907
178.529
181.151
183.774
186.270
188.633
190.996
193.359
198.243
205.791
213.339
220.887
225.831
228.025
230.219
232.413
233.261
232.687
232.114
231.540
231.107
230.820
230.533
230.246
229.960
229.673
229.386
229.100
228.813
228.526
228.240
227.953
227.666
227.380
227.093
226.806
226.520
226.233
225.946
225.659
225.373
225.086
224.799
224.513
224.226
223.939
223.653
223.366
223.079
222.793
222.506
222.219
221.932
221.646
221.359
221.072
220.786
220.499
220.212
219.926
219.639
219.352
219.066
218.779
218.492
218.205
217.919
217.632
217.345
217.059
216.772
216.485
216.199
215.912
215.625
215.339
215.052
214.765
214.478
214.192
213.905
213.618
213.332
213.045
212.758
212.472
212.185
211.898
211.612
211.325
211.038
210.752
210.465
210.178
209.891
209.605
209.318
209.031
208.745
208.458
208.171
207.885
207.598
207.311
207.025
206.738
206.451
206.164
205.878
205.591
205.304
205.018
204.731
204.444
204.158
203.871
203.584
203.298
203.011
202.724
202.437
202.151
201.864
201.577
201.151
200.578
200.004
199.431
198.133
196.069
194.005
191.940
190.583
189.970
189.358
188.746
188.283
187.977
187.671
187.365
187.059
186.753
186.447
186.141
185.835
185.529
185.222
184.916
184.610
184.304
183.998
183.692
183.237
182.625
182.013
181.401
179.912
177.497
175.083
172.668
170.824
169.582
168.341
167.099
166.447
166.419
166.390
166.361
166.723
167.499
168.274
169.049
168.887
167.735
166.583
165.432
165.217
165.993
166.768
167.543
167.793
167.488
167.183
166.878
166.812
166.999
167.187
167.374
167.681
168.115
168.549
168.983
169.502
170.112
170.722
171.332
171.620
171.567
171.515
171.463
171.423
171.397
171.371
171.345
171.319
171.292
171.266
171.240
171.214
171.188
171.162
171.136
171.109
171.083
171.057
171.031
171.005
170.979
170.953
170.926
170.900
170.874
170.848
170.822
170.796
170.769
170.743
170.717
170.691
170.665
170.639
170.613
170.586
170.560
170.534
170.508
170.482
170.456
170.430
170.403
170.377
170.351
170.325
170.299
170.273
170.247
170.220
170.194
170.168
170.142
170.116
170.090
170.063
170.037
170.011
169.985
169.959
169.933
169.907
169.880
169.854
169.828
169.802
169.776
169.750
169.724
169.697
169.671
169.645
169.619
169.593
169.567
169.541
169.514
169.488
169.462
169.436
169.410
169.384
169.357
169.331
169.305
169.279
169.253
169.227
169.201
169.174
169.148
169.122
169.096
169.070
169.044
169.018
168.991
168.965
168.939
168.913
168.887
168.861
168.835
168.808
168.782
168.756
168.730
168.704
168.678
168.652
168.625
168.599
168.573
168.547
168.521
168.495
168.468
168.442
168.416
168.390
168.364
168.338
168.312
168.285
168.259
168.233
168.207
168.181
168.155
168.129
168.102
168.076
168.050
168.024
167.998
167.972
167.946
167.919
167.893
167.867
167.841
167.815
167.789
167.762
167.736
167.710
167.684
167.658
167.632
167.606
167.579
167.541
167.488
167.436
167.384
169.106
172.701
176.296
179.891
185.079
191.948
198.818
205.687
211.873
217.338
222.802
228.267
231.796
233.280
234.765
236.250
237.355
238.059
238.763
239.467
239.214
237.948
236.683
235.417
234.412
233.681
232.950
232.219
232.326
233.317
234.307
235.298
236.233
237.108
237.983
238.858
239.902
241.125
242.348
243.571
245.465
248.068
250.672
253.275
256.341
259.894
263.447
267.001
269.577
271.122
272.667
274.212
275.228
275.684
276.140
276.596
276.855
276.905
276.955
277.004
276.150
274.340
272.530
270.720
267.716
263.452
259.188
254.924
250.931
247.225
243.519
239.813
234.328
226.966
219.603
212.240
207.006
204.021
201.035
198.049
198.507
202.600
206.693
210.786
213.618
215.118
216.619
218.119
218.948
219.069
219.189
219.309
222.320
228.382
234.445
240.507
245.333
248.852
252.372
255.891
260.058
264.909
269.761
274.612
277.248
277.547
277.845
278.143
277.126
274.720
272.313
269.907
266.606
262.360
258.115
253.869
249.010
243.503
237.997
232.490
225.831
217.955
210.080
202.204
199.646
202.704
205.761
208.818
211.875
214.933
217.990
221.047
226.568
234.690
242.812
250.934
258.675
266.013
273.350
280.688
286.190
289.752
293.315
296.878
297.221
294.165
291.109
288.053
285.740
284.212
282.684
281.156
279.627
278.099
276.571
275.043
272.772
269.716
266.659
263.603
260.330
256.827
253.324
249.821
246.869
244.499
242.129
239.760
236.498
232.294
228.091
223.887
221.568
221.238
220.908
220.578
220.328
220.163
219.998
219.833
219.668
219.503
219.338
219.173
219.008
218.843
218.677
218.512
218.347
218.182
218.017
217.852
217.687
217.522
217.357
217.192
217.027
216.862
216.697
216.532
216.367
216.202
216.037
215.872
215.707
215.542
215.377
215.212
215.047
214.882
214.717
214.552
214.386
214.221
214.056
213.891
213.726
213.561
213.396
213.231
213.066
212.901
212.736
212.571
212.406
212.241
212.076
211.911
211.666
211.336
211.005
210.675
214.642
223.145
231.649
240.152
247.262
252.899
258.537
264.174
269.051
273.124
277.197
281.270
284.073
285.535
286.997
288.458
290.389
292.815
295.240
297.666
300.425
303.538
306.650
309.762
310.455
308.594
306.734
304.873
304.033
304.270
304.508
304.745
306.962
311.268
315.573
319.879
323.138
325.291
327.444
329.597
331.750
333.902
336.055
338.208
341.408
345.714
350.020
354.326
359.670
366.110
372.551
378.992
382.248
382.141
382.034
381.927
382.053
382.426
382.800
383.173
383.401
383.477
383.552
383.628
383.132
382.031
380.931
379.831
378.906
378.167
377.427
376.688
375.888
375.022
374.157
373.291
372.518
371.842
371.166
370.490
370.158
370.187
370.216
370.246
369.632
368.338
367.045
365.751
364.943
364.646
364.350
364.054
363.898
363.890
363.882
363.874
364.117
364.626
365.135
365.644
366.026
366.273
366.521
366.769
366.688
366.261
365.834
365.407
365.310
365.560
365.810
366.060
363.972
359.413
354.855
350.296
346.847
344.567
342.288
340.009
336.621
332.063
327.504
322.946
316.225
307.219
298.214
289.208
295.834
318.965
342.096
365.228
379.477
384.347
389.218
394.088
396.287
395.664
395.041
394.419
393.324
391.732
390.139
388.547
387.115
385.854
384.592
383.330
382.364
381.708
381.053
380.397
377.785
373.108
368.430
363.752
363.263
367.196
371.130
375.064
376.743
376.043
375.342
374.641
367.046
352.171
337.296
322.421
314.862
315.027
315.193
315.359
315.195
314.681
314.168
313.654
312.251
309.909
307.567
305.225
301.238
295.515
289.792
284.069
274.727
261.562
248.397
235.232
230.142
233.578
237.013
240.449
249.225
263.641
278.056
292.472
297.845
293.668
289.492
285.315
282.571
281.341
280.110
278.880
277.416
275.707
273.997
272.287
269.514
265.617
261.720
257.823
253.841
249.770
245.699
241.628
236.193
229.316
222.440
215.563
208.147
200.162
192.177
184.191
174.822
163.991
153.160
142.329
139.438
144.931
150.424
155.917
160.074
162.821
165.568
168.314
171.061
173.807
176.554
179.300
182.047
184.793
187.540
190.287
193.033
195.780
198.526
201.273
204.019
206.766
209.513
212.259
215.006
217.752
220.499
223.245
225.992
228.738
231.485
234.232
238.314
243.807
249.300
254.793
262.528
272.628
282.729
292.830
304.935
319.158
333.380
347.603
361.573
375.275
388.978
402.681
415.233
426.571
437.908
449.246
461.754
475.498
489.243
502.987
510.803
512.359
513.915
515.471
511.070
500.377
489.685
478.993
473.440
473.315
473.190
473.065
472.348
471.008
469.668
468.328
464.117
456.874
449.631
442.387
436.906
433.284
429.662
426.041
422.419
418.798
415.176
411.554
407.933
404.311
400.690
397.068
391.685
384.442
377.198
369.955
366.032
365.616
365.200
364.783
368.095
375.343
382.590
389.838
394.770
397.255
399.740
402.225
402.196
399.512
396.828
394.144
392.513
391.994
391.475
390.956
393.033
397.853
402.672
407.492
401.334
383.584
365.835
348.086
337.932
335.800
333.667
331.534
329.920
328.854
327.788
326.721
325.655
324.589
323.522
322.456
321.390
320.323
319.257
318.190
317.124
316.058
314.991
313.925
312.340
310.207
308.075
305.942
303.143
299.640
296.136
292.633
296.378
307.776
319.174
330.572
340.940
350.221
359.501
368.781
369.306
360.586
351.866
343.146
334.004
324.417
314.830
305.243
297.988
293.194
288.401
283.607
278.814
274.020
269.227
264.433
259.640
254.846
250.053
245.259
238.134
228.547
218.960
209.373
200.951
193.758
186.565
179.373
190.100
219.751
249.402
279.053
291.883
286.951
282.018
277.086
273.353
270.887
268.421
265.954
263.488
261.022
258.556
256.090
253.624
251.157
248.691
246.225
243.759
241.293
238.827
236.360
232.695
227.762
222.830
217.898
218.647
225.396
232.146
238.895
244.905
250.134
255.364
260.593
265.684
270.630
275.576
280.521
286.131
292.441
298.751
305.061
308.736
309.628
310.521
311.414
311.475
310.657
309.839
309.022
308.106
307.089
306.071
305.053
303.991
302.884
301.777
300.670
300.001
299.794
299.588
299.382
296.296
290.169
284.043
277.916
276.627
280.445
284.263
288.081
288.297
284.709
281.122
277.534
276.018
276.690
277.362
278.034
278.543
278.879
279.215
279.551
279.887
280.222
280.558
280.894
281.230
281.566
281.902
282.238
282.574
282.910
283.246
283.582
284.081
284.753
285.425
286.097
286.125
285.473
284.821
284.169
283.946
284.175
284.405
284.634
284.274
283.292
282.309
281.326
278.587
273.992
269.397
264.801
261.569
259.776
257.983
256.190
255.214
255.103
254.991
254.880
254.248
253.066
251.884
250.702
251.403
254.091
256.779
259.467
261.050
261.464
261.879
262.294
262.531
262.581
262.631
262.682
263.457
264.998
266.538
268.079
270.205
272.948
275.691
278.434
279.138
277.687
276.236
274.785
273.379
272.019
270.660
269.300
268.264
267.570
266.875
266.180
265.654
265.307
264.960
264.612
264.265
263.918
263.570
263.223
262.876
262.528
262.181
261.834
261.486
261.139
260.792
260.444
260.097
259.750
259.402
259.055
258.707
258.360
258.013
257.665
257.318
256.971
256.623
256.276
255.929
255.581
255.234
254.887
254.539
254.192
253.845
253.497
253.150
252.802
252.455
252.108
251.760
251.413
251.066
250.718
250.371
250.024
249.676
249.329
248.982
248.634
248.287
247.940
247.592
247.245
246.898
246.550
246.203
245.855
245.508
245.161
244.813
244.466
244.119
243.771
243.424
243.077
242.729
242.382
242.035
241.687
241.340
240.993
240.645
240.298
239.951
239.603
239.256
238.908
238.561
238.214
237.866
237.519
237.172
236.824
236.477
236.130
235.782
235.435
235.088
234.740
234.393
234.046
233.698
233.351
233.004
232.656
232.309
231.961
231.614
231.267
230.919
230.572
230.225
229.877
229.530
229.183
228.835
228.488
228.141
227.793
227.446
227.099
226.751
226.404
226.056
225.709
225.362
225.014
224.667
224.320
223.972
223.625
223.278
222.930
222.583
222.236
221.888
221.541
221.194
220.846
220.499
220.152
219.804
219.457
219.109
218.762
218.415
218.067
217.720
217.373
217.025
216.678
216.331
215.983
215.467
214.772
214.078
213.383
215.066
219.259
223.451
227.644
231.701
235.613
239.526
243.438
244.378
242.180
239.982
237.784
235.880
234.287
232.695
231.102
233.101
238.892
244.683
250.475
256.060
261.429
266.797
272.166
277.566
282.999
288.431
293.864
298.728
302.992
307.256
311.520
315.294
318.551
321.808
325.065
326.668
326.524
326.380
326.236
324.599
321.386
318.173
314.959
309.964
303.089
296.213
289.337
285.806
285.806
0