165.301
177.443
214.285
233.107
239.661
246.056
256.222
261.683
247.670
222.482
199.076
194.853
182.389
168.887
179.651
186.079
196.114
194.579
185.306
186.040
184.378
182.928
189.427
199.901
193.715
207.291
214.519
222.625
234.448
227.395
220.898
211.699
205.804
201.513
201.784
201.946
201.916
199.679
197.942
196.823
211.353
219.089
227.765
243.389
257.568
253.168
248.216
245.580
242.943
240.307
237.350
235.332
256.820
276.641
285.194
298.446
312.257
305.677
301.690
292.376
286.815
276.354
262.613
253.465
242.057
223.169
223.927
218.497
213.980
211.148
218.983
223.155
227.833
238.587
267.448
299.820
320.562
330.358
342.179
350.731
355.615
351.637
335.674
309.342
273.929
242.783
215.311
198.602
198.150
197.910
197.669
197.428
197.188
196.947
196.706
196.466
196.225
195.984
195.744
195.503
195.263
195.022
194.781
194.541
194.300
194.059
193.819
193.578
193.337
193.097
192.856
192.586
194.945
216.087
223.818
225.626
230.258
233.025
239.671
257.146
262.990
264.699
258.350
257.070
240.087
222.955
217.611
216.568
218.236
221.225
221.211
220.688
220.506
224.291
240.000
257.548
272.938
276.657
252.673
210.318
203.482
199.400
194.003
201.293
201.355
196.266
191.219
180.260
201.820
213.298
226.172
248.538
265.567
272.502
263.969
266.464
275.297
266.094
241.290
190.220
194.764
197.477
200.484
189.580
174.496
166.438
167.351
163.008
176.816
184.166
191.517
198.867
206.218
213.569
220.919
228.270
236.514
248.583
236.643
199.788
237.544
234.073
238.355
245.887
231.125
197.753
217.867
217.032
220.246
234.399
245.276
256.608
258.179
249.059
222.824
205.816
197.272
186.056
165.283
174.205
208.984
216.930
230.234
249.235
267.345
256.121
233.049
220.767
206.990
182.648
161.047
148.690
145.323
149.082
149.824
155.634
165.751
171.137
177.177
187.604
198.243
225.831
233.260
231.105
229.957
228.809
227.661
226.514
225.366
224.218
223.071
221.923
220.775
219.627
218.480
217.332
216.184
215.037
213.889
212.741
211.593
210.446
209.298
208.150
207.003
205.855
204.707
203.559
202.412
201.124
198.115
190.634
188.294
187.049
185.803
184.558
183.161
179.800
170.736
166.438
166.591
168.460
165.697
167.451
166.475
166.513
166.533
166.554
166.574
166.594
166.614
166.634
166.654
166.675
166.695
166.715
166.735
166.755
166.776
166.796
166.816
166.836
166.856
166.877
166.897
166.917
166.937
166.957
166.977
166.998
167.018
167.038
167.058
167.078
167.099
167.119
167.139
167.159
167.179
167.200
167.220
167.240
167.260
167.280
167.301
167.323
169.107
185.079
211.873
231.796
237.355
239.214
234.412
232.326
236.233
239.902
245.465
256.341
269.577
275.228
276.855
276.150
267.716
250.931
234.328
207.006
198.507
213.618
218.948
222.320
245.333
260.058
277.248
277.126
266.606
249.010
225.831
199.646
211.875
226.568
258.675
286.190
296.956
283.426
276.223
269.020
260.941
247.075
236.299
221.568
220.328
219.668
219.008
218.347
217.687
217.027
216.367
215.707
215.047
214.386
213.726
213.066
212.406
211.666
214.642
247.262
269.051
284.073
290.389
300.425
310.455
304.033
306.960
323.114
331.713
341.359
359.599
382.180
381.981
382.878
383.132
378.906
375.888
372.518
370.158
369.632
364.943
363.898
364.117
366.026
366.688
365.310
366.546
369.300
370.767
372.233
373.878
378.902
396.287
393.324
387.115
382.364
377.785
363.263
376.743
367.046
314.862
315.195
312.251
301.213
281.007
281.640
281.977
282.355
282.375
277.416
269.514
253.841
236.193
207.455
169.823
138.821
154.697
163.149
171.600
180.052
188.503
196.955
206.434
225.700
262.528
304.935
361.573
415.233
461.754
510.803
511.070
473.446
472.606
465.819
437.793
422.872
407.952
391.217
364.932
367.951
394.770
402.196
392.550
393.193
400.636
338.297
330.244
325.956
321.669
317.381
312.573
303.500
297.727
340.940
369.306
334.004
297.988
278.814
259.640
238.134
200.951
177.278
189.630
196.207
202.783
209.359
215.935
222.511
229.887
243.443
260.965
286.121
308.736
311.474
308.106
303.991
300.001
296.296
276.627
288.486
277.578
280.112
281.460
282.809
284.158
285.671
287.529
283.946
284.274
278.587
261.569
255.214
254.248
251.403
261.050
262.531
263.457
270.205
279.138
273.379
268.264
265.654
264.265
262.875
261.486
260.097
258.707
257.318
255.928
254.539
253.150
251.760
250.371
248.981
247.592
246.203
244.813
243.424
242.034
240.645
239.256
237.866
236.477
235.087
233.698
232.309
230.919
229.530
228.140
226.751
225.362
223.972
222.583
221.193
219.804
218.415
217.025
215.467
215.065
231.701
244.378
235.880
233.101
256.060
277.566
298.728
315.294
326.668
324.599
309.965
285.811
285.811
